"subjID"	"Decision"	"OC"	"reFeedback"
1	0	2	1
1	0	5	-1
1	0	1	1
1	1	5	0
1	0	1	0
1	1	1	-1
1	0	2	-1
1	0	3	0
1	1	4	-1
1	1	5	1
1	0	2	0
1	1	3	1
1	1	3	-1
1	1	4	0
1	0	4	1
1	1	2	0
1	0	1	0
1	0	3	-1
1	0	3	1
1	1	1	-1
1	1	5	1
1	0	4	1
1	0	3	0
1	0	1	1
1	0	5	0
1	1	2	1
1	0	5	-1
1	0	4	-1
1	1	4	0
1	0	2	-1
1	1	5	0
1	1	5	-1
1	0	2	0
1	0	3	0
1	0	2	1
1	0	3	-1
1	1	4	-1
1	0	4	1
1	1	2	-1
1	0	1	1
1	0	1	-1
1	0	3	1
1	0	4	0
1	1	5	1
1	1	1	0
1	0	1	-1
1	0	3	-1
1	0	1	0
1	0	2	-1
1	0	4	0
1	0	3	1
1	0	5	1
1	0	4	-1
1	0	2	0
1	1	1	1
1	0	3	0
1	0	5	0
1	0	5	-1
1	0	4	1
1	0	2	1
1	0	2	0
1	0	1	1
1	0	3	-1
1	0	5	-1
1	1	5	1
1	0	3	1
1	0	5	0
1	0	4	1
1	0	1	0
1	0	2	1
1	0	2	-1
1	0	1	-1
1	1	4	0
1	1	4	-1
1	0	3	0
2	1	2	1
2	1	5	-1
2	1	1	1
2	1	5	0
2	0	1	0
2	1	1	-1
2	1	2	-1
2	1	3	0
2	1	4	-1
2	1	5	1
2	1	2	0
2	1	3	1
2	1	3	-1
2	1	4	0
2	1	4	1
2	0	2	0
2	1	1	0
2	0	3	-1
2	0	3	1
2	1	1	-1
2	1	5	1
2	1	4	1
2	1	3	0
2	0	1	1
2	1	5	0
2	1	2	1
2	1	5	-1
2	1	4	-1
2	1	4	0
2	1	2	-1
2	1	5	0
2	1	5	-1
2	1	2	0
2	1	3	0
2	1	2	1
2	1	3	-1
2	1	4	-1
2	1	4	1
2	1	2	-1
2	1	1	1
2	0	1	-1
2	1	3	1
2	1	4	0
2	1	5	1
2	1	1	0
2	0	1	-1
2	0	3	-1
2	0	1	0
2	1	2	-1
2	1	4	0
2	1	3	1
2	1	5	1
2	1	4	-1
2	0	2	0
2	1	1	1
2	1	3	0
2	1	5	0
2	1	5	-1
2	1	4	1
2	0	2	1
2	1	2	0
2	0	1	1
2	0	3	-1
2	1	5	-1
2	1	5	1
2	1	3	1
2	1	5	0
2	1	4	1
2	1	1	0
2	1	2	1
2	0	2	-1
2	1	1	-1
2	1	4	0
2	1	4	-1
2	1	3	0
3	0	2	1
3	1	5	-1
3	0	1	1
3	1	5	0
3	1	1	0
3	0	1	-1
3	1	2	-1
3	1	3	0
3	1	4	-1
3	1	5	1
3	0	2	0
3	1	3	1
3	0	3	-1
3	0	4	0
3	0	4	1
3	1	2	0
3	1	1	0
3	0	3	-1
3	1	3	1
3	0	1	-1
3	0	5	1
3	1	4	1
3	0	3	0
3	1	1	1
3	1	5	0
3	1	2	1
3	1	5	-1
3	0	4	-1
3	0	4	0
3	0	2	-1
3	1	5	0
3	1	5	-1
3	0	2	0
3	1	3	0
3	1	2	1
3	0	3	-1
3	1	4	-1
3	1	4	1
3	0	2	-1
3	0	1	1
3	1	1	-1
3	1	3	1
3	1	4	0
3	1	5	1
3	0	1	0
3	1	1	-1
3	0	3	-1
3	0	1	0
3	0	2	-1
3	0	4	0
3	1	3	1
3	0	5	1
3	1	4	-1
3	0	2	0
3	1	1	1
3	0	3	0
3	1	5	0
3	1	5	-1
3	1	4	1
3	1	2	1
3	0	2	0
3	1	1	1
3	1	3	-1
3	0	5	-1
3	1	5	1
3	0	3	1
3	0	5	0
3	1	4	1
3	0	1	0
3	1	2	1
3	1	2	-1
3	0	1	-1
3	0	4	0
3	1	4	-1
3	1	3	0
4	0	5	-1
4	0	1	1
4	1	5	0
4	1	1	0
4	0	1	-1
4	0	2	-1
4	0	3	0
4	0	4	-1
4	0	5	1
4	0	2	0
4	0	3	1
4	0	3	-1
4	0	4	0
4	1	4	1
4	0	2	0
4	1	1	0
4	0	3	-1
4	0	3	1
4	0	1	-1
4	1	5	1
4	0	4	1
4	1	3	0
4	1	1	1
4	0	5	0
4	0	2	1
4	0	5	-1
4	1	4	-1
4	1	4	0
4	1	2	-1
4	1	5	0
4	0	5	-1
4	0	2	0
4	1	3	0
4	1	2	1
4	0	3	-1
4	1	4	-1
4	0	4	1
4	0	2	-1
4	1	1	1
4	0	1	-1
4	1	3	1
4	1	4	0
4	1	5	1
4	0	1	0
4	1	1	-1
4	0	3	-1
4	0	1	0
4	0	2	-1
4	1	4	0
4	0	3	1
4	1	5	1
4	1	4	-1
4	0	2	0
4	0	1	1
4	0	3	0
4	0	5	0
4	1	5	-1
4	0	4	1
4	0	2	1
4	0	2	0
4	0	1	1
4	0	3	-1
4	0	5	-1
4	0	5	1
4	0	3	1
4	0	5	0
4	0	4	1
4	0	1	0
4	0	2	1
4	0	2	-1
4	0	1	-1
4	0	4	0
4	1	4	-1
4	0	3	0
5	0	2	1
5	0	5	-1
5	0	1	1
5	1	5	0
5	0	1	0
5	0	1	-1
5	1	2	-1
5	1	3	0
5	0	4	-1
5	1	5	1
5	0	2	0
5	1	3	1
5	0	3	-1
5	1	4	0
5	0	4	1
5	0	2	0
5	0	1	0
5	0	3	-1
5	0	3	1
5	1	1	-1
5	1	5	1
5	0	4	1
5	0	3	0
5	1	1	1
5	1	5	0
5	0	2	1
5	0	5	-1
5	0	4	-1
5	1	4	0
5	1	2	-1
5	1	5	0
5	1	5	-1
5	0	2	0
5	0	3	0
5	1	2	1
5	1	3	-1
5	1	4	-1
5	0	4	1
5	0	2	-1
5	0	1	1
5	0	1	-1
5	1	3	1
5	0	4	0
5	1	5	1
5	0	1	0
5	0	1	-1
5	1	3	-1
5	0	1	0
5	0	2	-1
5	1	4	0
5	1	3	1
5	0	5	1
5	0	4	-1
5	0	2	0
5	0	1	1
5	0	3	0
5	1	5	0
5	1	5	-1
5	0	2	1
5	0	2	0
5	1	1	1
5	1	3	-1
5	0	5	-1
5	1	5	1
5	0	3	1
5	1	5	0
5	0	4	1
5	0	1	0
5	1	2	1
5	0	2	-1
5	0	1	-1
5	1	4	0
5	0	3	0
6	0	2	1
6	1	5	-1
6	0	1	1
6	1	5	0
6	0	1	0
6	0	1	-1
6	1	2	-1
6	1	3	0
6	1	4	-1
6	1	5	1
6	0	2	0
6	0	3	1
6	1	3	-1
6	1	4	0
6	1	4	1
6	0	2	0
6	0	1	0
6	1	3	-1
6	0	3	1
6	1	1	-1
6	1	5	1
6	0	4	1
6	0	3	0
6	0	1	1
6	1	5	0
6	0	2	1
6	0	5	-1
6	0	4	-1
6	0	4	0
6	0	2	-1
6	1	5	0
6	0	5	-1
6	0	2	0
6	0	3	0
6	0	2	1
6	0	3	-1
6	0	4	-1
6	0	4	1
6	0	2	-1
6	0	1	1
6	1	1	-1
6	0	3	1
6	0	4	0
6	0	5	1
6	0	1	0
6	0	1	-1
6	0	3	-1
6	0	1	0
6	0	2	-1
6	0	4	0
6	0	3	1
6	1	5	1
6	0	4	-1
6	0	2	0
6	0	1	1
6	0	3	0
6	0	5	0
6	1	5	-1
6	0	4	1
6	0	2	1
6	0	2	0
6	0	1	1
6	1	3	-1
6	0	5	-1
6	1	5	1
6	0	3	1
6	0	5	0
6	0	4	1
6	0	1	0
6	0	2	1
6	0	2	-1
6	0	1	-1
6	0	4	0
6	0	4	-1
6	0	3	0
7	1	5	-1
7	1	1	1
7	1	5	0
7	0	1	0
7	1	1	-1
7	1	2	-1
7	1	3	0
7	1	4	-1
7	1	5	1
7	1	2	0
7	0	3	1
7	1	3	-1
7	1	4	0
7	1	4	1
7	0	2	0
7	1	1	0
7	1	3	-1
7	0	3	1
7	1	1	-1
7	1	5	1
7	1	4	1
7	1	3	0
7	1	1	1
7	1	5	0
7	1	2	1
7	0	5	-1
7	1	4	-1
7	1	4	0
7	1	2	-1
7	1	5	0
7	1	5	-1
7	0	2	0
7	1	3	0
7	1	2	1
7	1	3	-1
7	1	4	-1
7	1	4	1
7	1	2	-1
7	0	1	1
7	0	1	-1
7	1	3	1
7	0	4	0
7	1	5	1
7	1	1	0
7	0	1	-1
7	0	3	-1
7	1	1	0
7	1	2	-1
7	1	4	0
7	1	3	1
7	0	5	1
7	1	4	-1
7	0	2	0
7	1	1	1
7	0	3	0
7	1	5	0
7	1	5	-1
7	0	4	1
7	1	2	1
7	1	2	0
7	1	1	1
7	0	3	-1
7	1	5	-1
7	1	5	1
7	0	3	1
7	1	5	0
7	0	4	1
7	0	1	0
7	1	2	1
7	1	2	-1
7	1	1	-1
7	0	4	0
7	0	4	-1
7	1	3	0
8	0	2	1
8	1	5	-1
8	1	1	1
8	0	5	0
8	0	1	0
8	1	1	-1
8	0	2	-1
8	0	3	0
8	1	4	-1
8	1	5	1
8	1	2	0
8	1	3	1
8	1	3	-1
8	1	4	0
8	1	4	1
8	0	2	0
8	1	1	0
8	0	3	-1
8	0	3	1
8	1	1	-1
8	1	5	1
8	0	4	1
8	0	3	0
8	0	1	1
8	0	5	0
8	1	2	1
8	1	5	-1
8	0	4	-1
8	1	4	0
8	1	2	-1
8	1	5	0
8	1	5	-1
8	1	2	0
8	1	3	0
8	0	2	1
8	1	3	-1
8	1	4	-1
8	0	4	1
8	0	2	-1
8	0	1	1
8	1	1	-1
8	0	3	1
8	0	4	0
8	1	5	1
8	0	1	0
8	0	1	-1
8	0	3	-1
8	1	1	0
8	1	2	-1
8	1	4	0
8	0	3	1
8	1	5	1
8	1	4	-1
8	1	2	0
8	1	1	1
8	1	3	0
8	0	5	0
8	1	5	-1
8	1	4	1
8	0	2	1
8	1	2	0
8	1	1	1
8	1	3	-1
8	1	5	-1
8	1	5	1
8	0	3	1
8	1	5	0
8	1	4	1
8	1	1	0
8	0	2	1
8	1	2	-1
8	1	1	-1
8	0	4	0
8	1	4	-1
8	1	3	0
9	0	2	1
9	1	5	-1
9	1	1	1
9	1	5	0
9	0	1	0
9	0	1	-1
9	1	2	-1
9	1	3	0
9	1	4	-1
9	0	5	1
9	0	2	0
9	0	3	1
9	1	3	-1
9	1	4	0
9	1	4	1
9	1	2	0
9	0	1	0
9	1	3	-1
9	0	3	1
9	1	1	-1
9	0	5	1
9	1	4	1
9	1	3	0
9	1	1	1
9	1	5	0
9	1	2	1
9	1	5	-1
9	1	4	-1
9	1	4	0
9	0	2	-1
9	1	5	0
9	1	5	-1
9	0	2	0
9	1	3	0
9	1	2	1
9	1	3	-1
9	0	4	-1
9	1	4	1
9	0	2	-1
9	0	1	1
9	0	1	-1
9	1	3	1
9	1	4	0
9	1	5	1
9	0	1	0
9	0	1	-1
9	1	3	-1
9	0	1	0
9	1	2	-1
9	0	4	0
9	1	3	1
9	1	5	1
9	1	4	-1
9	1	2	0
9	1	1	1
9	0	3	0
9	1	5	0
9	1	5	-1
9	1	4	1
9	0	2	1
9	1	2	0
9	1	1	1
9	0	3	-1
9	0	5	-1
9	1	5	1
9	0	3	1
9	1	5	0
9	1	4	1
9	0	1	0
9	1	2	1
9	0	2	-1
9	1	1	-1
9	0	4	0
9	1	4	-1
9	0	3	0
10	1	2	1
10	1	5	-1
10	0	1	1
10	1	5	0
10	1	1	0
10	0	1	-1
10	1	2	-1
10	1	3	0
10	1	4	-1
10	1	5	1
10	1	2	0
10	1	3	1
10	1	3	-1
10	1	4	0
10	0	4	1
10	1	2	0
10	0	1	0
10	0	3	-1
10	1	3	1
10	0	1	-1
10	1	5	1
10	1	4	1
10	0	3	0
10	0	1	1
10	0	5	0
10	0	2	1
10	1	5	-1
10	0	4	-1
10	1	4	0
10	0	2	-1
10	1	5	0
10	0	5	-1
10	0	2	0
10	1	3	0
10	0	2	1
10	1	3	-1
10	1	4	-1
10	0	4	1
10	0	2	-1
10	1	1	1
10	0	1	-1
10	1	3	1
10	1	4	0
10	1	5	1
10	0	1	0
10	0	1	-1
10	0	3	-1
10	1	1	0
10	1	2	-1
10	1	4	0
10	0	3	1
10	1	5	1
10	0	4	-1
10	0	2	0
10	0	1	1
10	1	3	0
10	0	5	0
10	1	5	-1
10	1	4	1
10	0	2	1
10	1	2	0
10	0	1	1
10	1	3	-1
10	0	5	-1
10	1	5	1
10	0	3	1
10	0	5	0
10	0	4	1
10	0	1	0
10	1	2	1
10	1	2	-1
10	0	1	-1
10	1	4	0
10	0	4	-1
10	0	3	0
11	1	2	1
11	1	5	-1
11	0	1	1
11	1	5	0
11	1	1	0
11	1	1	-1
11	0	2	-1
11	1	3	0
11	1	4	-1
11	1	5	1
11	1	2	0
11	1	3	1
11	0	3	-1
11	1	4	0
11	1	4	1
11	1	2	0
11	1	1	0
11	0	3	-1
11	1	3	1
11	1	1	-1
11	1	5	1
11	1	4	1
11	1	3	0
11	1	1	1
11	1	5	0
11	1	2	1
11	1	5	-1
11	1	4	-1
11	1	4	0
11	1	2	-1
11	1	5	0
11	1	5	-1
11	1	2	0
11	1	3	0
11	1	2	1
11	1	3	-1
11	1	4	-1
11	1	4	1
11	0	2	-1
11	0	1	1
11	0	1	-1
11	1	3	1
11	1	4	0
11	1	5	1
11	1	1	0
11	0	1	-1
11	1	3	-1
11	0	1	0
11	0	2	-1
11	1	4	0
11	1	3	1
11	1	5	1
11	1	4	-1
11	1	2	0
11	0	1	1
11	0	3	0
11	1	5	0
11	1	5	-1
11	1	4	1
11	1	2	1
11	0	2	0
11	1	1	1
11	0	3	-1
11	1	5	-1
11	1	5	1
11	0	3	1
11	1	5	0
11	1	4	1
11	1	1	0
11	1	2	1
11	1	2	-1
11	0	1	-1
11	1	4	0
11	1	4	-1
11	1	3	0
12	1	2	1
12	1	5	-1
12	1	1	1
12	1	5	0
12	1	1	0
12	1	1	-1
12	1	2	-1
12	1	3	0
12	1	4	-1
12	1	5	1
12	1	2	0
12	1	3	1
12	1	3	-1
12	1	4	0
12	1	4	1
12	1	2	0
12	1	1	0
12	1	3	-1
12	1	3	1
12	1	1	-1
12	1	5	1
12	1	4	1
12	1	3	0
12	1	1	1
12	1	5	0
12	1	2	1
12	1	5	-1
12	1	4	-1
12	1	4	0
12	1	2	-1
12	1	5	0
12	1	5	-1
12	1	2	0
12	1	3	0
12	0	2	1
12	1	3	-1
12	1	4	-1
12	1	4	1
12	1	2	-1
12	0	1	1
12	1	1	-1
12	1	3	1
12	0	4	0
12	1	5	1
12	1	1	0
12	1	1	-1
12	1	3	-1
12	1	1	0
12	1	2	-1
12	1	4	0
12	1	3	1
12	1	5	1
12	1	4	-1
12	1	2	0
12	1	1	1
12	1	3	0
12	1	5	0
12	1	5	-1
12	1	4	1
12	1	2	1
12	1	2	0
12	1	1	1
12	1	3	-1
12	1	5	-1
12	1	5	1
12	1	3	1
12	1	5	0
12	1	4	1
12	1	1	0
12	1	2	1
12	1	2	-1
12	0	1	-1
12	0	4	0
12	1	4	-1
12	1	3	0
13	1	2	1
13	0	5	-1
13	0	1	1
13	1	5	0
13	0	1	0
13	0	1	-1
13	0	2	-1
13	1	3	0
13	1	4	-1
13	1	5	1
13	0	2	0
13	0	3	1
13	1	3	-1
13	1	4	0
13	1	4	1
13	0	2	0
13	0	1	0
13	1	3	-1
13	1	3	1
13	0	1	-1
13	1	5	1
13	1	4	1
13	0	3	0
13	1	1	1
13	0	5	0
13	1	2	1
13	1	5	-1
13	1	4	-1
13	1	4	0
13	1	2	-1
13	1	5	0
13	1	5	-1
13	0	2	0
13	0	3	0
13	0	2	1
13	1	3	-1
13	1	4	-1
13	0	4	1
13	1	2	-1
13	0	1	1
13	0	1	-1
13	1	3	1
13	1	4	0
13	1	5	1
13	0	1	0
13	0	1	-1
13	1	3	-1
13	0	1	0
13	1	2	-1
13	1	4	0
13	0	3	1
13	1	5	1
13	1	4	-1
13	1	2	0
13	0	1	1
13	0	3	0
13	1	5	0
13	1	5	-1
13	1	4	1
13	0	2	1
13	0	2	0
13	1	1	1
13	0	3	-1
13	1	5	-1
13	1	5	1
13	0	3	1
13	1	5	0
13	0	4	1
13	0	1	0
13	0	2	1
13	0	2	-1
13	1	1	-1
13	1	4	0
13	1	4	-1
13	0	3	0
14	1	2	1
14	1	5	-1
14	1	1	1
14	1	5	0
14	0	1	0
14	1	1	-1
14	1	2	-1
14	1	3	0
14	1	4	-1
14	1	5	1
14	1	2	0
14	1	3	1
14	1	3	-1
14	1	4	0
14	1	4	1
14	1	2	0
14	1	1	0
14	1	3	-1
14	1	3	1
14	1	1	-1
14	1	5	1
14	1	4	1
14	0	3	0
14	0	1	1
14	0	5	0
14	1	2	1
14	1	5	-1
14	1	4	-1
14	0	4	0
14	1	2	-1
14	1	5	0
14	1	5	-1
14	0	2	0
14	1	3	0
14	0	2	1
14	1	3	-1
14	0	4	-1
14	1	4	1
14	1	2	-1
14	0	1	1
14	1	1	-1
14	1	3	1
14	1	4	0
14	1	5	1
14	0	1	0
14	0	1	-1
14	1	3	-1
14	1	1	0
14	1	2	-1
14	0	4	0
14	0	3	1
14	1	5	1
14	1	4	-1
14	1	2	0
14	0	1	1
14	1	3	0
14	0	5	0
14	1	5	-1
14	1	4	1
14	1	2	1
14	0	2	0
14	1	1	1
14	1	3	-1
14	1	5	-1
14	1	5	1
14	0	3	1
14	1	5	0
14	1	4	1
14	1	1	0
14	1	2	1
14	1	2	-1
14	1	1	-1
14	0	4	0
14	1	4	-1
14	1	3	0
15	0	2	1
15	1	5	-1
15	0	1	1
15	1	5	0
15	0	1	0
15	0	1	-1
15	0	2	-1
15	1	3	0
15	1	4	-1
15	1	5	1
15	0	2	0
15	0	3	1
15	1	3	-1
15	0	4	0
15	1	4	1
15	1	2	0
15	0	1	0
15	1	3	-1
15	0	3	1
15	1	1	-1
15	0	5	1
15	1	4	1
15	0	3	0
15	0	1	1
15	0	5	0
15	0	2	1
15	0	5	-1
15	1	4	-1
15	1	4	0
15	1	2	-1
15	1	5	0
15	0	5	-1
15	0	2	0
15	1	3	0
15	1	2	1
15	1	3	-1
15	0	4	-1
15	1	4	1
15	0	2	-1
15	0	1	1
15	0	1	-1
15	0	3	1
15	1	4	0
15	1	5	1
15	0	1	0
15	0	1	-1
15	0	3	-1
15	0	1	0
15	1	2	-1
15	1	4	0
15	1	3	1
15	0	5	1
15	1	4	-1
15	1	2	0
15	1	1	1
15	0	3	0
15	0	5	0
15	1	5	-1
15	1	4	1
15	1	2	1
15	0	2	0
15	1	1	1
15	0	5	-1
15	1	5	1
15	0	3	1
15	1	5	0
15	1	4	1
15	0	1	0
15	1	2	1
15	1	2	-1
15	1	1	-1
15	1	4	0
15	1	4	-1
15	0	3	0
16	0	2	1
16	1	5	-1
16	0	1	1
16	1	5	0
16	0	1	0
16	1	1	-1
16	1	2	-1
16	1	3	0
16	1	4	-1
16	0	5	1
16	0	2	0
16	0	3	1
16	0	3	-1
16	0	4	0
16	0	4	1
16	1	2	0
16	0	1	0
16	0	3	-1
16	0	3	1
16	0	1	-1
16	0	5	1
16	1	4	1
16	1	3	0
16	0	1	1
16	1	5	0
16	0	2	1
16	0	5	-1
16	1	4	-1
16	0	4	0
16	0	2	-1
16	0	5	0
16	1	5	-1
16	1	2	0
16	1	3	0
16	0	2	1
16	1	3	-1
16	1	4	-1
16	0	4	1
16	0	2	-1
16	0	1	1
16	1	1	-1
16	0	3	1
16	1	4	0
16	0	5	1
16	0	1	0
16	1	1	-1
16	1	3	-1
16	1	1	0
16	1	2	-1
16	1	4	0
16	0	3	1
16	1	5	1
16	1	4	-1
16	0	2	0
16	0	1	1
16	1	3	0
16	0	5	0
16	1	5	-1
16	1	4	1
16	1	2	1
16	0	2	0
16	1	1	1
16	0	3	-1
16	1	5	-1
16	0	5	1
16	0	3	1
16	1	5	0
16	1	4	1
16	0	1	0
16	0	2	1
16	1	2	-1
16	1	1	-1
16	0	4	0
16	0	4	-1
16	1	3	0
17	0	2	1
17	1	5	-1
17	1	1	1
17	1	5	0
17	0	1	0
17	0	1	-1
17	1	2	-1
17	1	3	0
17	1	4	-1
17	1	5	1
17	0	2	0
17	0	3	1
17	0	3	-1
17	0	4	0
17	1	4	1
17	0	2	0
17	0	1	0
17	0	3	-1
17	0	3	1
17	0	1	-1
17	0	5	1
17	1	4	1
17	0	3	0
17	0	1	1
17	0	5	0
17	0	2	1
17	0	5	-1
17	0	4	-1
17	0	4	0
17	0	2	-1
17	1	5	0
17	1	5	-1
17	0	2	0
17	0	3	0
17	1	2	1
17	0	3	-1
17	1	4	-1
17	0	4	1
17	0	2	-1
17	0	1	1
17	1	1	-1
17	0	3	1
17	0	4	0
17	1	5	1
17	0	1	0
17	0	1	-1
17	0	3	-1
17	0	1	0
17	0	2	-1
17	1	4	0
17	0	3	1
17	0	5	1
17	1	4	-1
17	1	2	0
17	0	1	1
17	0	3	0
17	1	5	0
17	0	5	-1
17	1	4	1
17	0	2	1
17	0	2	0
17	0	1	1
17	0	3	-1
17	1	5	-1
17	1	5	1
17	0	3	1
17	1	5	0
17	0	4	1
17	0	1	0
17	0	2	1
17	1	2	-1
17	0	1	-1
17	1	4	0
17	0	4	-1
17	0	3	0
18	0	2	1
18	1	5	-1
18	0	1	1
18	1	5	0
18	0	1	0
18	0	1	-1
18	0	2	-1
18	1	3	0
18	1	4	-1
18	0	5	1
18	0	2	0
18	0	3	1
18	1	3	-1
18	1	4	0
18	1	4	1
18	0	2	0
18	0	1	0
18	0	3	-1
18	0	3	1
18	1	1	-1
18	0	5	1
18	0	4	1
18	0	3	0
18	0	1	1
18	1	5	0
18	0	2	1
18	0	4	-1
18	0	4	0
18	1	2	-1
18	1	5	0
18	1	5	-1
18	0	2	0
18	0	3	0
18	0	2	1
18	0	4	-1
18	1	4	1
18	0	2	-1
18	0	1	1
18	0	1	-1
18	0	3	1
18	0	4	0
18	1	5	1
18	0	1	0
18	0	1	-1
18	0	3	-1
18	0	1	0
18	0	2	-1
18	1	4	0
18	0	3	1
18	0	4	-1
18	0	2	0
18	0	1	1
18	0	3	0
18	0	5	0
18	0	5	-1
18	0	4	1
18	0	2	1
18	0	2	0
18	0	1	1
18	0	3	-1
18	0	5	-1
18	1	5	1
18	0	3	1
18	0	5	0
18	0	4	1
18	0	1	0
18	0	2	1
18	0	2	-1
18	0	1	-1
18	0	4	0
18	1	4	-1
18	0	3	0
19	1	2	1
19	1	5	-1
19	0	1	1
19	1	5	0
19	1	1	0
19	1	1	-1
19	1	2	-1
19	1	3	0
19	1	4	-1
19	0	5	1
19	0	2	0
19	0	3	1
19	1	3	-1
19	0	4	0
19	1	4	1
19	0	2	0
19	0	1	0
19	0	3	-1
19	0	3	1
19	1	1	-1
19	0	5	1
19	0	4	1
19	0	3	0
19	0	1	1
19	1	5	0
19	0	2	1
19	1	5	-1
19	0	4	-1
19	0	4	0
19	0	2	-1
19	0	5	0
19	0	5	-1
19	0	2	0
19	0	3	0
19	0	2	1
19	0	3	-1
19	0	4	-1
19	0	4	1
19	0	2	-1
19	0	1	1
19	0	1	-1
19	0	3	1
19	0	4	0
19	0	5	1
19	1	1	0
19	0	1	-1
19	0	3	-1
19	0	1	0
19	1	2	-1
19	0	4	0
19	0	3	1
19	0	5	1
19	1	4	-1
19	0	2	0
19	0	1	1
19	0	3	0
19	0	5	0
19	0	5	-1
19	0	4	1
19	0	2	1
19	0	2	0
19	0	1	1
19	1	3	-1
19	1	5	-1
19	0	5	1
19	0	3	1
19	0	5	0
19	0	4	1
19	0	1	0
19	0	2	1
19	0	2	-1
19	0	1	-1
19	0	4	0
19	0	4	-1
19	0	3	0
20	0	2	1
20	1	5	-1
20	0	1	1
20	1	5	0
20	0	1	0
20	0	1	-1
20	1	2	-1
20	1	3	0
20	0	4	-1
20	0	5	1
20	0	2	0
20	0	3	1
20	0	3	-1
20	1	4	0
20	0	4	1
20	0	2	0
20	0	1	0
20	1	3	-1
20	0	3	1
20	1	1	-1
20	0	5	1
20	1	4	1
20	1	3	0
20	0	1	1
20	0	5	0
20	0	2	1
20	1	5	-1
20	0	4	-1
20	0	4	0
20	0	2	-1
20	1	5	0
20	1	5	-1
20	0	2	0
20	0	3	0
20	0	2	1
20	0	3	-1
20	1	4	-1
20	1	4	1
20	0	2	-1
20	0	1	1
20	0	1	-1
20	0	3	1
20	1	4	0
20	0	5	1
20	0	1	0
20	0	1	-1
20	0	3	-1
20	0	1	0
20	0	2	-1
20	0	4	0
20	0	3	1
20	0	5	1
20	1	4	-1
20	0	2	0
20	0	1	1
20	1	5	0
20	0	5	-1
20	1	4	1
20	0	2	1
20	0	2	0
20	0	1	1
20	0	3	-1
20	1	5	-1
20	0	5	1
20	0	3	1
20	1	5	0
20	0	4	1
20	0	1	0
20	0	2	1
20	0	2	-1
20	1	1	-1
20	0	4	0
20	1	4	-1
20	0	3	0
21	0	2	1
21	0	5	-1
21	0	1	1
21	1	5	0
21	0	1	0
21	1	1	-1
21	0	2	-1
21	1	3	0
21	1	4	-1
21	1	5	1
21	0	2	0
21	0	3	1
21	1	3	-1
21	0	4	0
21	1	4	1
21	0	2	0
21	0	1	0
21	0	3	-1
21	1	3	1
21	0	1	-1
21	0	5	1
21	1	4	1
21	1	3	0
21	1	1	1
21	0	5	0
21	0	2	1
21	0	5	-1
21	0	4	-1
21	1	4	0
21	1	2	-1
21	1	5	0
21	1	5	-1
21	1	2	0
21	1	3	0
21	0	2	1
21	0	3	-1
21	0	4	-1
21	1	4	1
21	0	2	-1
21	1	1	1
21	0	1	-1
21	0	3	1
21	1	4	0
21	1	5	1
21	0	1	0
21	0	1	-1
21	0	3	-1
21	1	1	0
21	0	2	-1
21	1	4	0
21	0	3	1
21	0	5	1
21	0	4	-1
21	1	2	0
21	0	1	1
21	0	3	0
21	0	5	0
21	1	5	-1
21	1	4	1
21	0	2	1
21	1	2	0
21	0	1	1
21	1	3	-1
21	1	5	-1
21	1	5	1
21	0	3	1
21	1	5	0
21	0	4	1
21	0	1	0
21	0	2	1
21	0	2	-1
21	0	1	-1
21	1	4	0
21	1	4	-1
21	0	3	0
22	0	2	1
22	1	5	-1
22	0	1	1
22	1	5	0
22	0	1	0
22	0	1	-1
22	1	2	-1
22	1	3	0
22	1	4	-1
22	1	5	1
22	1	2	0
22	0	3	1
22	1	3	-1
22	1	4	0
22	1	4	1
22	1	2	0
22	0	1	0
22	1	3	-1
22	1	3	1
22	0	1	-1
22	1	5	1
22	1	4	1
22	0	3	0
22	0	1	1
22	1	5	0
22	1	2	1
22	1	5	-1
22	1	4	-1
22	0	4	0
22	1	2	-1
22	1	5	0
22	1	5	-1
22	0	2	0
22	1	3	0
22	0	2	1
22	1	3	-1
22	1	4	-1
22	1	4	1
22	1	2	-1
22	0	1	1
22	0	1	-1
22	1	3	1
22	1	4	0
22	1	5	1
22	1	1	0
22	1	1	-1
22	1	3	-1
22	0	1	0
22	0	2	-1
22	1	4	0
22	0	3	1
22	1	5	1
22	1	4	-1
22	1	2	0
22	0	1	1
22	1	3	0
22	1	5	0
22	1	5	-1
22	0	4	1
22	0	2	1
22	0	2	0
22	0	1	1
22	0	3	-1
22	1	5	-1
22	1	5	1
22	0	3	1
22	1	5	0
22	0	4	1
22	1	1	0
22	0	2	1
22	1	2	-1
22	1	1	-1
22	0	4	0
22	1	4	-1
22	0	3	0
23	0	2	1
23	1	5	-1
23	0	1	1
23	1	5	0
23	0	1	0
23	0	1	-1
23	0	2	-1
23	1	3	0
23	1	4	-1
23	1	5	1
23	0	2	0
23	0	3	1
23	1	3	-1
23	1	4	0
23	1	4	1
23	0	2	0
23	0	1	0
23	0	3	-1
23	0	3	1
23	1	1	-1
23	0	5	1
23	0	4	1
23	1	3	0
23	1	1	1
23	1	5	0
23	0	2	1
23	1	5	-1
23	1	4	-1
23	0	4	0
23	1	2	-1
23	1	5	0
23	1	5	-1
23	0	2	0
23	0	3	0
23	0	2	1
23	0	3	-1
23	0	4	-1
23	0	4	1
23	0	1	1
23	1	1	-1
23	0	3	1
23	1	4	0
23	1	5	1
23	0	1	0
23	1	1	-1
23	0	3	-1
23	0	1	0
23	0	2	-1
23	1	4	0
23	0	3	1
23	0	5	1
23	0	4	-1
23	1	2	0
23	1	1	1
23	0	3	0
23	1	5	0
23	1	5	-1
23	1	4	1
23	0	2	1
23	0	2	0
23	0	1	1
23	0	3	-1
23	1	5	-1
23	1	5	1
23	0	3	1
23	1	5	0
23	0	4	1
23	0	1	0
23	1	2	1
23	0	2	-1
23	1	1	-1
23	1	4	0
23	1	4	-1
23	0	3	0
24	1	2	1
24	1	5	-1
24	1	1	1
24	1	5	0
24	0	1	0
24	1	1	-1
24	0	2	-1
24	0	3	0
24	1	4	-1
24	1	5	1
24	0	2	0
24	0	3	1
24	0	3	-1
24	1	4	0
24	1	4	1
24	0	2	0
24	0	1	0
24	0	3	-1
24	1	3	1
24	1	1	-1
24	1	5	1
24	0	4	1
24	0	3	0
24	1	1	1
24	0	5	0
24	0	2	1
24	1	5	-1
24	0	4	-1
24	1	4	0
24	1	2	-1
24	0	5	0
24	1	5	-1
24	0	2	0
24	1	3	0
24	1	2	1
24	1	3	-1
24	0	4	-1
24	0	4	1
24	1	2	-1
24	1	1	1
24	0	1	-1
24	0	3	1
24	0	4	0
24	1	5	1
24	0	1	0
24	1	1	-1
24	0	3	-1
24	0	1	0
24	0	2	-1
24	0	4	0
24	0	3	1
24	0	5	1
24	1	4	-1
24	1	2	0
24	0	1	1
24	0	3	0
24	1	5	0
24	1	5	-1
24	1	4	1
24	0	2	1
24	1	2	0
24	0	1	1
24	0	3	-1
24	1	5	-1
24	1	5	1
24	0	3	1
24	1	5	0
24	0	4	1
24	1	1	0
24	0	2	1
24	0	2	-1
24	1	1	-1
24	0	4	0
24	1	4	-1
24	1	3	0
25	1	2	1
25	1	5	-1
25	0	1	1
25	1	5	0
25	0	1	0
25	0	1	-1
25	0	2	-1
25	1	3	0
25	1	4	-1
25	1	5	1
25	0	2	0
25	0	3	1
25	1	3	-1
25	1	4	0
25	0	4	1
25	1	2	0
25	0	1	0
25	0	3	-1
25	0	3	1
25	0	1	-1
25	0	5	1
25	0	4	1
25	0	3	0
25	0	1	1
25	1	5	0
25	1	2	1
25	1	5	-1
25	1	4	-1
25	1	4	0
25	1	2	-1
25	1	5	0
25	1	5	-1
25	0	2	0
25	1	3	0
25	0	2	1
25	1	3	-1
25	1	4	-1
25	1	4	1
25	0	2	-1
25	0	1	1
25	0	1	-1
25	1	3	1
25	0	4	0
25	0	5	1
25	1	1	0
25	1	1	-1
25	0	3	-1
25	0	1	0
25	1	2	-1
25	1	4	0
25	0	3	1
25	0	5	1
25	1	4	-1
25	1	2	0
25	0	1	1
25	1	3	0
25	1	5	0
25	1	5	-1
25	0	4	1
25	0	2	1
25	0	2	0
25	1	1	1
25	0	3	-1
25	1	5	-1
25	0	5	1
25	0	3	1
25	1	5	0
25	1	4	1
25	1	1	0
25	0	2	1
25	1	2	-1
25	0	1	-1
25	0	4	0
25	1	4	-1
25	1	3	0
26	1	2	1
26	1	5	-1
26	0	1	1
26	1	5	0
26	0	1	0
26	0	1	-1
26	0	2	-1
26	1	3	0
26	1	4	-1
26	1	5	1
26	1	2	0
26	1	3	1
26	0	3	-1
26	1	4	0
26	0	4	1
26	1	2	0
26	1	1	0
26	0	3	-1
26	0	3	1
26	0	1	-1
26	0	5	1
26	1	4	1
26	0	3	0
26	0	1	1
26	1	5	0
26	0	2	1
26	1	5	-1
26	1	4	-1
26	1	4	0
26	1	2	-1
26	1	5	0
26	0	5	-1
26	1	2	0
26	0	3	0
26	0	2	1
26	1	3	-1
26	1	4	-1
26	0	4	1
26	0	2	-1
26	1	1	1
26	0	1	-1
26	1	3	1
26	1	4	0
26	1	5	1
26	0	1	0
26	1	1	-1
26	0	3	-1
26	0	1	0
26	1	2	-1
26	0	4	0
26	0	3	1
26	1	5	1
26	1	4	-1
26	0	2	0
26	0	1	1
26	0	3	0
26	1	5	0
26	0	5	-1
26	1	4	1
26	0	2	1
26	0	2	0
26	0	1	1
26	0	3	-1
26	1	5	-1
26	1	5	1
26	0	3	1
26	0	5	0
26	0	4	1
26	1	1	0
26	0	2	1
26	0	2	-1
26	0	1	-1
26	1	4	0
26	1	4	-1
26	0	3	0
27	0	2	1
27	1	5	-1
27	0	1	1
27	1	5	0
27	1	1	0
27	1	1	-1
27	1	2	-1
27	0	3	0
27	1	4	-1
27	1	5	1
27	0	2	0
27	1	3	1
27	1	3	-1
27	0	4	0
27	1	4	1
27	0	2	0
27	0	1	0
27	1	3	-1
27	0	3	1
27	0	1	-1
27	0	5	1
27	1	4	1
27	0	3	0
27	0	1	1
27	1	5	0
27	0	2	1
27	1	5	-1
27	1	4	-1
27	0	4	0
27	0	2	-1
27	1	5	0
27	1	5	-1
27	1	2	0
27	0	3	0
27	0	2	1
27	0	3	-1
27	0	4	-1
27	0	4	1
27	0	2	-1
27	0	1	1
27	1	1	-1
27	0	3	1
27	0	4	0
27	1	5	1
27	0	1	0
27	0	1	-1
27	0	3	-1
27	0	1	0
27	0	2	-1
27	0	4	0
27	0	3	1
27	0	5	1
27	0	4	-1
27	0	2	0
27	1	1	1
27	0	3	0
27	1	5	0
27	1	5	-1
27	1	4	1
27	0	2	1
27	0	2	0
27	1	1	1
27	0	3	-1
27	0	5	-1
27	0	5	1
27	1	3	1
27	1	5	0
27	1	4	1
27	1	1	0
28	1	2	1
28	1	5	-1
28	0	1	1
28	1	5	0
28	0	1	0
28	1	1	-1
28	0	2	-1
28	1	3	0
28	1	4	-1
28	1	5	1
28	0	2	0
28	0	3	1
28	0	3	-1
28	1	4	0
28	1	4	1
28	0	2	0
28	0	1	0
28	0	3	-1
28	0	3	1
28	0	1	-1
28	0	5	1
28	0	4	1
28	0	3	0
28	0	1	1
28	1	5	0
28	0	2	1
28	1	5	-1
28	0	4	-1
28	0	4	0
28	1	2	-1
28	1	5	0
28	1	5	-1
28	0	2	0
28	1	3	0
28	0	2	1
28	0	3	-1
28	1	4	-1
28	0	4	1
28	0	2	-1
28	0	1	1
28	1	1	-1
28	0	3	1
28	0	4	0
28	1	5	1
28	0	1	0
28	0	1	-1
28	0	3	-1
28	1	1	0
28	0	2	-1
28	1	4	0
28	0	3	1
28	0	5	1
28	1	4	-1
28	1	2	0
28	0	1	1
28	1	3	0
28	0	5	0
28	1	5	-1
28	0	4	1
28	0	2	1
28	0	2	0
28	0	1	1
28	0	3	-1
28	1	5	-1
28	1	5	1
28	1	3	1
28	0	5	0
28	0	4	1
28	0	1	0
28	0	2	1
28	0	2	-1
28	1	1	-1
28	1	4	0
28	0	4	-1
28	0	3	0
29	0	2	1
29	1	5	-1
29	0	1	1
29	1	5	0
29	1	1	0
29	0	1	-1
29	1	2	-1
29	1	3	0
29	0	4	-1
29	1	5	1
29	1	2	0
29	1	3	1
29	1	3	-1
29	1	4	0
29	1	4	1
29	1	2	0
29	0	1	0
29	0	3	-1
29	1	3	1
29	1	1	-1
29	1	5	1
29	0	4	1
29	1	3	0
29	1	1	1
29	1	5	0
29	1	2	1
29	0	5	-1
29	1	4	-1
29	1	4	0
29	0	2	-1
29	0	5	0
29	1	5	-1
29	1	2	0
29	1	3	0
29	1	2	1
29	0	3	-1
29	1	4	-1
29	0	4	1
29	1	2	-1
29	1	1	1
29	0	1	-1
29	0	3	1
29	1	4	0
29	1	5	1
29	0	1	0
29	1	1	-1
29	0	3	-1
29	1	1	0
29	0	2	-1
29	0	4	0
29	0	3	1
29	1	5	1
29	1	4	-1
29	1	2	0
29	1	1	1
29	0	3	0
29	1	5	0
29	1	5	-1
29	0	4	1
29	1	2	1
29	0	2	0
29	1	1	1
29	0	3	-1
29	1	5	-1
29	1	5	1
29	0	3	1
29	1	5	0
29	0	4	1
29	0	1	0
29	0	2	1
29	0	2	-1
29	0	1	-1
29	0	4	0
29	0	4	-1
29	1	3	0
30	1	2	1
30	1	5	-1
30	0	1	1
30	1	5	0
30	0	1	0
30	1	1	-1
30	1	2	-1
30	1	3	0
30	1	4	-1
30	1	5	1
30	1	2	0
30	0	3	1
30	1	3	-1
30	1	4	0
30	0	4	1
30	0	2	0
30	0	1	0
30	1	3	-1
30	0	3	1
30	1	1	-1
30	0	5	1
30	0	4	1
30	0	3	0
30	0	1	1
30	1	5	0
30	0	2	1
30	1	5	-1
30	1	4	-1
30	0	4	0
30	1	2	-1
30	1	5	0
30	1	5	-1
30	0	2	0
30	1	3	0
30	1	2	1
30	1	3	-1
30	1	4	-1
30	0	4	1
30	1	2	-1
30	0	1	1
30	1	1	-1
30	0	3	1
30	1	4	0
30	0	5	1
30	1	1	0
30	1	1	-1
30	0	3	-1
30	0	1	0
30	1	2	-1
30	0	4	0
30	0	3	1
30	0	5	1
30	1	4	-1
30	0	2	0
30	0	1	1
30	1	3	0
30	1	5	0
30	1	5	-1
30	1	4	1
30	0	2	1
30	0	2	0
30	0	1	1
30	1	3	-1
30	1	5	-1
30	0	5	1
30	0	3	1
30	1	5	0
30	0	4	1
30	1	1	0
30	0	2	1
30	0	2	-1
30	1	1	-1
30	1	4	0
30	0	4	-1
30	1	3	0
31	0	2	1
31	1	5	-1
31	0	1	1
31	1	5	0
31	0	1	0
31	0	1	-1
31	0	2	-1
31	1	3	0
31	1	4	-1
31	0	5	1
31	0	2	0
31	0	3	1
31	0	3	-1
31	0	4	0
31	0	4	1
31	0	2	0
31	0	1	0
31	0	3	-1
31	0	3	1
31	0	1	-1
31	0	5	1
31	0	4	1
31	0	3	0
31	1	1	1
31	0	5	0
31	0	2	1
31	0	5	-1
31	0	4	-1
31	0	4	0
31	1	2	-1
31	1	5	0
31	1	5	-1
31	0	2	0
31	0	3	0
31	0	2	1
31	0	3	-1
31	1	4	-1
31	0	4	1
31	0	2	-1
31	0	1	1
31	1	1	-1
31	0	3	1
31	1	4	0
31	1	5	1
31	0	1	0
31	0	1	-1
31	0	3	-1
31	0	1	0
31	0	2	-1
31	1	4	0
31	0	3	1
31	1	5	1
31	0	4	-1
31	0	2	0
31	0	1	1
31	1	3	0
31	1	5	0
31	1	5	-1
31	0	4	1
31	1	2	1
31	0	2	0
31	0	1	1
31	0	3	-1
31	1	5	-1
31	1	5	1
31	0	3	1
31	0	5	0
31	0	4	1
31	0	1	0
31	0	2	1
31	0	2	-1
31	0	1	-1
31	0	4	0
31	1	4	-1
31	0	3	0
32	1	2	1
32	0	5	-1
32	0	1	1
32	0	5	0
32	0	1	0
32	0	1	-1
32	0	2	-1
32	1	3	0
32	1	4	-1
32	1	5	1
32	0	2	0
32	1	3	1
32	0	3	-1
32	0	4	0
32	1	4	1
32	0	2	0
32	1	1	0
32	0	3	-1
32	1	3	1
32	0	1	-1
32	0	5	1
32	1	4	1
32	1	3	0
32	0	1	1
32	1	5	0
32	1	2	1
32	0	5	-1
32	0	4	-1
32	1	4	0
32	1	2	-1
32	1	5	0
32	1	5	-1
32	1	2	0
32	0	3	0
32	1	2	1
32	1	3	-1
32	0	4	-1
32	0	4	1
32	0	2	-1
32	0	1	1
32	0	1	-1
32	1	3	1
32	0	4	0
32	1	5	1
32	0	1	0
32	0	1	-1
32	1	3	-1
32	1	1	0
32	0	2	-1
32	1	4	0
32	0	3	1
32	0	5	1
32	0	4	-1
32	1	2	0
32	1	1	1
32	1	3	0
32	1	5	0
32	1	5	-1
32	1	4	1
32	1	2	1
32	0	2	0
32	1	1	1
32	0	3	-1
32	0	5	-1
32	1	5	1
32	0	3	1
32	0	5	0
32	1	4	1
32	1	1	0
32	1	2	1
32	1	2	-1
32	0	1	-1
32	1	4	0
32	0	4	-1
32	0	3	0
33	1	2	1
33	1	5	-1
33	0	1	1
33	0	5	0
33	0	1	0
33	1	1	-1
33	0	2	-1
33	1	3	0
33	0	4	-1
33	0	5	1
33	1	2	0
33	0	3	1
33	0	3	-1
33	0	4	0
33	0	4	1
33	0	2	0
33	1	1	0
33	0	3	-1
33	0	3	1
33	0	1	-1
33	0	5	1
33	0	4	1
33	1	3	0
33	0	1	1
33	0	5	0
33	0	2	1
33	1	5	-1
33	0	4	-1
33	0	4	0
33	1	2	-1
33	1	5	0
33	1	5	-1
33	0	2	0
33	1	3	0
33	1	2	1
33	0	4	-1
33	1	4	1
33	0	2	-1
33	0	1	1
33	0	1	-1
33	0	3	1
33	1	4	0
33	1	5	1
33	0	1	0
33	0	1	-1
33	0	3	-1
33	1	1	0
33	0	2	-1
33	1	4	0
33	0	3	1
33	1	5	1
33	1	4	-1
33	1	2	0
33	0	1	1
33	0	3	0
33	0	5	0
33	1	5	-1
33	1	4	1
33	0	2	1
33	0	2	0
33	1	1	1
33	0	3	-1
33	0	5	-1
33	0	5	1
33	0	3	1
33	1	5	0
33	0	4	1
33	0	1	0
33	1	2	1
33	0	2	-1
33	1	1	-1
33	1	4	0
33	0	4	-1
33	0	3	0
34	0	2	1
34	0	5	-1
34	1	1	1
34	0	5	0
34	1	1	0
34	1	1	-1
34	0	2	-1
34	0	3	0
34	1	4	-1
34	0	5	1
34	0	2	0
34	1	3	1
34	1	3	-1
34	1	4	0
34	0	4	1
34	1	2	0
34	0	1	0
34	1	3	-1
34	1	3	1
34	0	1	-1
34	1	5	1
34	1	4	1
34	0	3	0
34	1	1	1
34	1	5	0
34	0	2	1
34	0	5	-1
34	1	4	-1
34	1	4	0
34	1	2	-1
34	1	5	0
34	1	5	-1
34	0	2	0
34	1	3	0
34	0	2	1
34	1	3	-1
34	1	4	-1
34	1	4	1
34	0	2	-1
34	0	1	1
34	0	1	-1
34	1	3	1
34	0	4	0
34	1	5	1
34	1	1	0
34	1	1	-1
34	1	3	-1
34	0	1	0
34	1	2	-1
34	1	4	0
34	1	3	1
34	1	5	1
34	1	4	-1
34	1	2	0
34	0	1	1
34	0	3	0
34	0	5	0
34	1	5	-1
34	1	4	1
34	0	2	1
34	1	2	0
34	0	1	1
34	1	3	-1
34	1	5	-1
34	1	5	1
34	0	3	1
34	1	5	0
34	0	4	1
34	1	1	0
34	0	2	1
34	1	2	-1
34	1	1	-1
34	0	4	0
34	1	4	-1
34	0	3	0
35	1	2	1
35	1	5	-1
35	0	1	1
35	1	5	0
35	0	1	0
35	0	1	-1
35	1	2	-1
35	0	3	0
35	0	4	-1
35	1	5	1
35	0	2	0
35	0	3	1
35	0	3	-1
35	1	4	0
35	0	4	1
35	0	2	0
35	0	1	0
35	1	3	-1
35	1	3	1
35	0	1	-1
35	1	5	1
35	0	4	1
35	1	3	0
35	0	1	1
35	1	5	0
35	0	2	1
35	0	5	-1
35	1	4	-1
35	0	4	0
35	0	2	-1
35	1	5	0
35	1	5	-1
35	0	2	0
35	0	3	0
35	0	2	1
35	0	3	-1
35	0	4	-1
35	0	4	1
35	0	2	-1
35	1	1	1
35	0	1	-1
35	0	3	1
35	0	4	0
35	1	5	1
35	0	1	0
35	0	1	-1
35	0	3	-1
35	0	1	0
35	0	2	-1
35	0	4	0
35	0	3	1
35	0	5	1
35	0	4	-1
35	0	2	0
35	0	1	1
35	0	3	0
35	1	5	0
35	0	5	-1
35	0	4	1
35	0	2	1
35	1	2	0
35	0	1	1
35	0	3	-1
35	1	5	-1
35	0	5	1
35	0	3	1
35	0	5	0
35	0	4	1
35	1	1	0
35	0	2	1
35	1	2	-1
35	0	1	-1
35	0	4	0
35	1	4	-1
35	0	3	0
36	0	2	1
36	1	5	-1
36	0	1	1
36	1	5	0
36	0	1	0
36	1	1	-1
36	1	2	-1
36	1	3	0
36	1	4	-1
36	0	5	1
36	0	2	0
36	1	3	1
36	1	3	-1
36	1	4	0
36	0	4	1
36	0	2	0
36	1	1	0
36	1	3	-1
36	0	3	1
36	1	1	-1
36	0	5	1
36	0	4	1
36	1	3	0
36	0	1	1
36	1	5	0
36	0	2	1
36	1	5	-1
36	1	4	-1
36	1	4	0
36	1	2	-1
36	0	5	0
36	1	5	-1
36	1	2	0
36	1	3	0
36	0	2	1
36	1	3	-1
36	1	4	-1
36	0	4	1
36	0	2	-1
36	0	1	1
36	1	1	-1
36	0	3	1
36	1	4	0
36	0	5	1
36	1	1	0
36	1	1	-1
36	1	3	-1
36	0	1	0
36	1	2	-1
36	1	4	0
36	1	3	1
36	0	5	1
36	0	4	-1
36	1	2	0
36	0	1	1
36	1	3	0
36	1	5	0
36	1	5	-1
36	0	4	1
36	0	2	1
36	1	2	0
36	0	1	1
36	1	3	-1
36	0	5	-1
36	0	5	1
36	0	3	1
36	1	5	0
36	1	4	1
36	1	1	0
36	1	2	1
36	1	2	-1
36	1	1	-1
36	1	4	0
36	0	4	-1
36	1	3	0
37	0	2	1
37	1	5	-1
37	0	1	1
37	1	5	0
37	0	1	0
37	1	1	-1
37	0	2	-1
37	1	3	0
37	1	4	-1
37	0	5	1
37	1	2	0
37	0	3	1
37	1	3	-1
37	1	4	0
37	0	4	1
37	1	2	0
37	1	1	0
37	1	3	-1
37	0	3	1
37	0	1	-1
37	0	5	1
37	0	4	1
37	0	3	0
37	0	1	1
37	1	5	0
37	0	2	1
37	0	5	-1
37	0	4	-1
37	0	4	0
37	1	2	-1
37	0	5	0
37	0	5	-1
37	0	2	0
37	0	3	0
37	0	2	1
37	0	3	-1
37	0	4	-1
37	0	4	1
37	0	2	-1
37	0	1	1
37	0	1	-1
37	0	3	1
37	0	4	0
37	0	5	1
37	0	1	0
37	0	1	-1
37	0	3	-1
37	0	1	0
37	0	2	-1
37	0	4	0
37	1	3	1
37	0	5	1
37	0	4	-1
37	0	2	0
37	0	1	1
37	0	3	0
37	0	5	0
37	1	5	-1
37	0	4	1
37	0	2	1
37	0	2	0
37	0	1	1
37	0	3	-1
37	1	5	-1
37	0	5	1
37	0	3	1
37	0	5	0
37	0	4	1
37	0	1	0
37	0	2	1
37	0	2	-1
37	0	1	-1
37	0	4	0
37	0	4	-1
37	0	3	0
38	0	2	1
38	1	5	-1
38	1	1	1
38	1	5	0
38	0	1	0
38	0	1	-1
38	1	2	-1
38	1	3	0
38	0	4	-1
38	1	5	1
38	0	2	0
38	1	3	1
38	0	3	-1
38	1	4	0
38	1	4	1
38	1	2	0
38	0	1	0
38	0	3	-1
38	0	3	1
38	1	1	-1
38	1	5	1
38	0	4	1
38	1	3	0
38	0	1	1
38	0	5	0
38	1	2	1
38	0	5	-1
38	1	4	-1
38	1	4	0
38	0	2	-1
38	1	5	0
38	1	5	-1
38	0	2	0
38	0	3	0
38	0	2	1
38	0	3	-1
38	1	4	-1
38	0	4	1
38	0	2	-1
38	0	1	1
38	0	1	-1
38	1	3	1
38	1	4	0
38	1	5	1
38	0	1	0
38	1	1	-1
38	0	3	-1
38	0	1	0
38	0	2	-1
38	1	4	0
38	0	3	1
38	1	5	1
38	0	4	-1
38	1	2	0
38	1	1	1
38	1	3	0
38	1	5	0
38	1	5	-1
38	0	4	1
38	0	2	1
38	0	2	0
38	1	1	1
38	0	3	-1
38	1	5	-1
38	1	5	1
38	1	3	1
38	1	5	0
38	0	4	1
38	0	1	0
38	0	2	1
38	0	2	-1
38	0	1	-1
38	1	4	0
38	1	4	-1
38	0	3	0
39	0	2	1
39	0	5	-1
39	0	1	1
39	1	5	0
39	0	1	0
39	0	1	-1
39	0	2	-1
39	0	3	0
39	1	4	-1
39	1	5	1
39	0	2	0
39	0	3	1
39	0	3	-1
39	0	4	0
39	0	4	1
39	0	2	0
39	1	1	0
39	0	3	-1
39	0	3	1
39	0	1	-1
39	0	5	1
39	0	4	1
39	0	3	0
39	1	1	1
39	0	5	0
39	0	2	1
39	0	5	-1
39	0	4	-1
39	1	4	0
39	0	2	-1
39	1	5	0
39	1	5	-1
39	0	2	0
39	1	3	0
39	0	2	1
39	1	3	-1
39	1	4	-1
39	0	4	1
39	0	2	-1
39	0	1	1
39	0	1	-1
39	1	3	1
39	0	4	0
39	1	5	1
39	0	1	0
39	0	1	-1
39	0	3	-1
39	0	1	0
39	0	2	-1
39	1	4	0
39	0	3	1
39	1	5	1
39	1	4	-1
39	0	2	0
39	0	1	1
39	0	3	0
39	1	5	0
39	1	5	-1
39	0	4	1
39	0	2	1
39	0	2	0
39	0	1	1
39	0	3	-1
39	1	5	-1
39	1	5	1
39	1	3	1
39	0	5	0
39	0	4	1
39	0	1	0
39	0	2	1
39	0	2	-1
39	0	1	-1
39	0	4	0
39	0	4	-1
39	0	3	0
40	1	2	1
40	0	5	-1
40	0	1	1
40	1	5	0
40	0	1	0
40	0	1	-1
40	0	2	-1
40	1	3	0
40	1	4	-1
40	1	5	1
40	0	2	0
40	1	3	1
40	1	3	-1
40	1	4	0
40	1	4	1
40	0	2	0
40	0	1	0
40	0	3	-1
40	0	3	1
40	0	1	-1
40	1	5	1
40	1	4	1
40	0	3	0
40	0	1	1
40	1	5	0
40	0	2	1
40	1	5	-1
40	0	4	-1
40	1	4	0
40	1	2	-1
40	1	5	0
40	1	5	-1
40	0	2	0
40	1	3	0
40	0	2	1
40	1	3	-1
40	0	4	-1
40	1	4	1
40	1	2	-1
40	0	1	1
40	1	1	-1
40	1	3	1
40	0	4	0
40	1	5	1
40	0	1	0
40	1	1	-1
40	0	3	-1
40	0	1	0
40	0	2	-1
40	1	4	0
40	1	3	1
40	0	5	1
40	0	4	-1
40	0	2	0
40	0	1	1
40	1	3	0
40	1	5	0
40	1	5	-1
40	1	4	1
40	1	2	1
40	0	2	0
40	0	1	1
40	0	3	-1
40	0	5	-1
40	1	5	1
40	0	3	1
40	1	5	0
40	0	4	1
40	1	1	0
40	0	2	1
40	1	2	-1
40	0	1	-1
40	1	4	0
40	1	4	-1
40	0	3	0
41	0	2	1
41	0	5	-1
41	0	1	1
41	1	5	0
41	0	1	0
41	1	1	-1
41	0	2	-1
41	1	3	0
41	0	4	-1
41	1	5	1
41	0	2	0
41	0	3	1
41	1	3	-1
41	1	4	0
41	1	4	1
41	0	2	0
41	0	1	0
41	1	3	-1
41	0	3	1
41	0	1	-1
41	0	5	1
41	1	4	1
41	0	3	0
41	0	1	1
41	0	5	0
41	1	2	1
41	0	5	-1
41	0	4	-1
41	0	4	0
41	1	2	-1
41	1	5	0
41	0	5	-1
41	0	2	0
41	0	3	0
41	0	2	1
41	0	3	-1
41	1	4	-1
41	1	4	1
41	0	2	-1
41	0	1	1
41	0	1	-1
41	0	3	1
41	1	4	0
41	1	5	1
41	0	1	0
41	0	1	-1
41	1	3	-1
41	0	1	0
41	0	2	-1
41	0	4	0
41	1	3	1
41	1	5	1
41	1	4	-1
41	0	2	0
41	0	1	1
41	0	3	0
41	1	5	0
41	1	5	-1
41	1	4	1
41	0	2	1
41	0	2	0
41	0	1	1
41	1	3	-1
41	1	5	-1
41	0	5	1
41	0	3	1
41	1	5	0
41	1	4	1
41	0	1	0
41	0	2	1
41	0	2	-1
41	1	1	-1
41	0	3	0
42	1	2	1
42	0	5	-1
42	0	1	1
42	1	5	0
42	1	1	0
42	0	1	-1
42	1	2	-1
42	1	3	0
42	1	4	-1
42	0	5	1
42	0	2	0
42	0	3	1
42	0	3	-1
42	0	4	0
42	1	4	1
42	1	2	0
42	1	1	0
42	1	3	-1
42	0	3	1
42	1	1	-1
42	0	5	1
42	1	4	1
42	1	3	0
42	0	1	1
42	0	5	0
42	1	2	1
42	0	5	-1
42	1	4	-1
42	1	4	0
42	0	2	-1
42	1	5	0
42	1	5	-1
42	1	2	0
42	0	3	0
42	0	2	1
42	1	3	-1
42	1	4	-1
42	0	4	1
42	1	2	-1
42	1	1	1
42	0	1	-1
42	1	3	1
42	1	4	0
42	1	5	1
42	1	1	0
42	0	1	-1
42	0	3	-1
42	0	1	0
42	1	2	-1
42	1	4	0
42	0	3	1
42	1	5	1
42	1	4	-1
42	1	2	0
42	0	1	1
42	0	3	0
42	0	5	0
42	1	5	-1
42	0	4	1
42	1	2	1
42	0	2	0
42	0	1	1
42	1	3	-1
42	1	5	-1
42	1	5	1
42	1	3	1
42	0	5	0
42	0	4	1
42	1	1	0
42	0	2	1
42	1	2	-1
42	0	1	-1
42	1	4	0
42	1	4	-1
42	0	3	0
43	0	2	1
43	1	5	-1
43	0	1	1
43	1	5	0
43	0	1	0
43	0	1	-1
43	0	2	-1
43	1	3	0
43	1	4	-1
43	1	5	1
43	0	2	0
43	0	3	1
43	0	3	-1
43	0	4	0
43	0	4	1
43	0	2	0
43	0	1	0
43	0	3	-1
43	0	3	1
43	0	1	-1
43	0	5	1
43	1	4	1
43	0	3	0
43	0	1	1
43	1	5	0
43	0	2	1
43	0	5	-1
43	0	4	-1
43	0	4	0
43	0	2	-1
43	0	5	0
43	1	5	-1
43	0	2	0
43	1	3	0
43	1	2	1
43	1	3	-1
43	0	4	-1
43	0	4	1
43	0	2	-1
43	0	1	1
43	0	1	-1
43	1	3	1
43	0	4	0
43	1	5	1
43	0	1	0
43	0	1	-1
43	0	3	-1
43	0	1	0
43	0	2	-1
43	0	4	0
43	0	3	1
43	1	5	1
43	0	4	-1
43	0	2	0
43	0	1	1
43	0	3	0
43	1	5	0
43	0	5	-1
43	1	4	1
43	0	2	1
43	0	2	0
43	0	1	1
43	0	3	-1
43	0	5	-1
43	1	5	1
43	0	3	1
43	0	5	0
43	1	4	1
43	0	1	0
43	0	2	1
43	0	2	-1
43	0	1	-1
43	1	4	0
43	0	4	-1
43	0	3	0
44	0	2	1
44	1	5	-1
44	0	1	1
44	0	5	0
44	0	1	0
44	0	1	-1
44	0	2	-1
44	1	3	0
44	0	4	-1
44	1	5	1
44	0	2	0
44	0	3	1
44	0	3	-1
44	0	4	0
44	0	4	1
44	0	2	0
44	0	1	0
44	1	3	-1
44	0	3	1
44	0	1	-1
44	0	5	1
44	1	4	1
44	0	3	0
44	0	1	1
44	0	5	0
44	0	2	1
44	1	5	-1
44	0	4	-1
44	0	4	0
44	0	2	-1
44	1	5	0
44	1	5	-1
44	0	2	0
44	1	3	0
44	0	2	1
44	0	3	-1
44	0	4	-1
44	0	4	1
44	0	2	-1
44	0	1	1
44	0	1	-1
44	0	3	1
44	0	4	0
44	0	5	1
44	0	1	0
44	0	1	-1
44	0	3	-1
44	0	1	0
44	0	2	-1
44	1	4	0
44	0	3	1
44	0	5	1
44	0	4	-1
44	0	2	0
44	0	1	1
44	0	3	0
44	0	5	0
44	0	5	-1
44	0	4	1
44	0	2	1
44	0	2	0
44	0	1	1
44	0	3	-1
44	1	5	-1
44	0	5	1
44	0	3	1
44	1	5	0
44	0	4	1
44	1	1	0
44	0	2	1
44	0	2	-1
44	0	1	-1
44	0	4	0
44	0	4	-1
44	0	3	0
45	1	2	1
45	1	5	-1
45	1	1	1
45	1	5	0
45	0	1	0
45	0	1	-1
45	1	2	-1
45	1	3	0
45	1	4	-1
45	1	5	1
45	1	2	0
45	1	3	1
45	1	3	-1
45	1	4	0
45	1	4	1
45	1	2	0
45	1	1	0
45	1	3	-1
45	1	3	1
45	0	1	-1
45	1	5	1
45	1	4	1
45	0	3	0
45	1	1	1
45	1	5	0
45	1	2	1
45	1	5	-1
45	1	4	-1
45	1	4	0
45	0	2	-1
45	1	5	0
45	1	5	-1
45	1	2	0
45	1	3	0
45	0	2	1
45	1	3	-1
45	1	4	-1
45	1	4	1
45	1	2	-1
45	0	1	1
45	1	1	-1
45	0	3	1
45	1	4	0
45	1	5	1
45	0	1	0
45	1	1	-1
45	1	3	-1
45	1	1	0
45	0	2	-1
45	1	4	0
45	0	3	1
45	1	5	1
45	1	4	-1
45	0	2	0
45	1	1	1
45	1	3	0
45	1	5	0
45	1	5	-1
45	0	4	1
45	1	2	1
45	0	2	0
45	0	1	1
45	0	3	-1
45	1	5	-1
45	1	5	1
45	0	3	1
45	1	5	0
45	0	4	1
45	1	1	0
45	1	2	1
45	0	2	-1
45	1	1	-1
45	0	4	0
45	1	4	-1
45	0	3	0
46	1	2	1
46	0	5	-1
46	0	1	1
46	1	5	0
46	0	1	0
46	0	1	-1
46	0	2	-1
46	0	3	0
46	1	4	-1
46	1	5	1
46	0	2	0
46	0	3	1
46	0	3	-1
46	1	4	0
46	1	4	1
46	0	2	0
46	0	1	0
46	0	3	-1
46	0	3	1
46	0	1	-1
46	0	5	1
46	0	4	1
46	1	3	0
46	0	1	1
46	0	5	0
46	0	2	1
46	0	5	-1
46	0	4	-1
46	1	4	0
46	0	2	-1
46	1	5	0
46	1	5	-1
46	0	2	0
46	0	3	0
46	0	2	1
46	1	3	-1
46	0	4	-1
46	0	4	1
46	0	2	-1
46	0	1	1
46	0	1	-1
46	0	3	1
46	1	4	0
46	1	5	1
46	0	1	0
46	0	1	-1
46	0	3	-1
46	0	1	0
46	0	2	-1
46	0	4	0
46	0	3	1
46	1	5	1
46	1	4	-1
46	0	2	0
46	0	1	1
46	0	3	0
46	1	5	0
46	0	5	-1
46	0	4	1
46	0	2	1
46	0	2	0
46	0	1	1
46	0	3	-1
46	1	5	-1
46	0	5	1
46	0	3	1
46	1	5	0
46	0	4	1
46	0	1	0
46	0	2	1
46	0	2	-1
46	0	1	-1
46	0	4	0
46	0	4	-1
46	0	3	0
47	0	2	1
47	0	5	-1
47	0	1	1
47	1	5	0
47	0	1	0
47	0	1	-1
47	1	2	-1
47	1	3	0
47	1	4	-1
47	0	5	1
47	0	2	0
47	0	3	1
47	1	3	-1
47	0	4	0
47	0	4	1
47	0	2	0
47	0	1	0
47	0	3	-1
47	0	3	1
47	1	1	-1
47	1	5	1
47	0	4	1
47	0	3	0
47	1	1	1
47	0	5	0
47	0	2	1
47	0	5	-1
47	1	4	-1
47	1	4	0
47	0	2	-1
47	1	5	0
47	0	5	-1
47	1	2	0
47	1	3	0
47	0	2	1
47	0	3	-1
47	1	4	-1
47	0	4	1
47	0	2	-1
47	0	1	1
47	0	1	-1
47	0	3	1
47	0	4	0
47	1	5	1
47	1	1	0
47	0	1	-1
47	0	3	-1
47	1	1	0
47	0	2	-1
47	1	4	0
47	0	3	1
47	0	5	1
47	1	4	-1
47	1	2	0
47	0	1	1
47	1	3	0
47	0	5	0
47	0	5	-1
47	0	4	1
47	0	2	1
47	0	2	0
47	0	1	1
47	0	3	-1
47	0	5	-1
47	1	5	1
47	0	3	1
47	0	5	0
47	1	4	1
47	0	1	0
47	0	2	1
47	0	2	-1
47	0	1	-1
47	0	4	0
47	1	4	-1
47	0	3	0
48	0	2	1
48	1	5	-1
48	0	1	1
48	0	5	0
48	0	1	0
48	0	1	-1
48	1	2	-1
48	1	3	0
48	0	4	-1
48	1	5	1
48	1	2	0
48	0	3	1
48	1	3	-1
48	1	4	0
48	0	4	1
48	0	2	0
48	0	1	0
48	0	3	-1
48	1	3	1
48	1	1	-1
48	1	5	1
48	1	4	1
48	0	3	0
48	0	1	1
48	0	5	0
48	0	2	1
48	1	5	-1
48	0	4	-1
48	1	4	0
48	0	2	-1
48	0	5	0
48	1	5	-1
48	1	2	0
48	0	3	0
48	0	2	1
48	0	3	-1
48	0	4	-1
48	1	4	1
48	0	2	-1
48	0	1	1
48	1	1	-1
48	1	3	1
48	0	4	0
48	1	5	1
48	0	1	0
48	0	1	-1
48	0	3	-1
48	0	1	0
48	0	2	-1
48	0	4	0
48	1	3	1
48	0	5	1
48	0	4	-1
48	0	2	0
48	1	1	1
48	1	3	0
48	1	5	0
48	1	5	-1
48	1	4	1
48	0	2	1
48	1	2	0
48	0	1	1
48	0	3	-1
48	1	5	-1
48	1	5	1
48	0	3	1
48	0	5	0
48	1	4	1
48	0	1	0
48	0	2	1
48	0	2	-1
48	1	1	-1
48	0	4	0
48	0	4	-1
48	0	3	0
49	0	2	1
49	1	5	-1
49	0	1	1
49	1	5	0
49	0	1	0
49	0	1	-1
49	0	2	-1
49	0	3	0
49	1	4	-1
49	1	5	1
49	0	2	0
49	0	3	1
49	0	3	-1
49	0	4	0
49	0	4	1
49	1	2	0
49	1	1	0
49	0	3	-1
49	1	3	1
49	0	1	-1
49	1	5	1
49	0	4	1
49	0	3	0
49	0	1	1
49	1	5	0
49	0	2	1
49	0	5	-1
49	0	4	-1
49	1	4	0
49	1	2	-1
49	1	5	0
49	1	5	-1
49	0	2	0
49	0	3	0
49	0	2	1
49	1	3	-1
49	1	4	-1
49	0	4	1
49	0	2	-1
49	0	1	1
49	0	1	-1
49	1	3	1
49	0	4	0
49	0	5	1
49	0	1	0
49	1	1	-1
49	0	3	-1
49	0	1	0
49	0	2	-1
49	0	4	0
49	0	3	1
49	1	5	1
49	1	4	-1
49	0	2	0
49	0	1	1
49	0	3	0
49	1	5	0
49	1	5	-1
49	0	4	1
49	0	2	0
49	0	1	1
49	0	3	-1
49	1	5	-1
49	1	5	1
49	0	3	1
49	0	5	0
49	0	4	1
49	0	1	0
49	0	2	1
49	0	2	-1
49	0	1	-1
49	0	4	0
49	1	4	-1
49	1	3	0
50	0	2	1
50	1	5	-1
50	0	1	1
50	1	5	0
50	0	1	0
50	0	1	-1
50	1	2	-1
50	1	3	0
50	1	4	-1
50	0	5	1
50	0	2	0
50	0	3	1
50	1	3	-1
50	0	4	0
50	0	4	1
50	1	2	0
50	0	1	0
50	0	3	-1
50	0	3	1
50	0	1	-1
50	1	5	1
50	0	4	1
50	1	3	0
50	0	1	1
50	1	5	0
50	0	2	1
50	0	5	-1
50	1	4	-1
50	0	4	0
50	0	2	-1
50	1	5	0
50	1	5	-1
50	0	2	0
50	0	3	0
50	0	2	1
50	1	3	-1
50	1	4	-1
50	0	4	1
50	0	2	-1
50	0	1	1
50	0	1	-1
50	0	3	1
50	1	4	0
50	0	5	1
50	0	1	0
50	1	1	-1
50	0	3	-1
50	0	1	0
50	1	2	-1
50	1	4	0
50	0	3	1
50	0	5	1
50	1	4	-1
50	0	2	0
50	1	1	1
50	0	3	0
50	1	5	0
50	1	5	-1
50	0	4	1
50	0	2	1
50	0	2	0
50	0	1	1
50	1	3	-1
50	1	5	-1
50	0	5	1
50	0	3	1
50	0	5	0
50	0	4	1
50	0	1	0
50	0	2	1
50	1	2	-1
50	0	1	-1
50	1	4	0
50	1	4	-1
50	0	3	0
51	0	2	1
51	1	5	-1
51	0	1	1
51	1	5	0
51	0	1	0
51	0	1	-1
51	1	2	-1
51	1	3	0
51	1	4	-1
51	0	5	1
51	1	2	0
51	1	3	1
51	1	3	-1
51	1	4	0
51	1	4	1
51	1	2	0
51	0	1	0
51	1	3	-1
51	1	3	1
51	0	1	-1
51	1	5	1
51	1	4	1
51	0	3	0
51	1	1	1
51	1	5	0
51	0	2	1
51	1	5	-1
51	1	4	-1
51	1	4	0
51	0	2	-1
51	1	5	0
51	1	5	-1
51	0	2	0
51	1	3	0
51	1	2	1
51	1	3	-1
51	1	4	-1
51	0	4	1
51	1	2	-1
51	1	1	1
51	0	1	-1
51	0	3	1
51	1	4	0
51	1	5	1
51	0	1	0
51	0	1	-1
51	1	3	-1
51	0	1	0
51	1	2	-1
51	1	4	0
51	1	3	1
51	1	5	1
51	1	4	-1
51	0	2	0
51	0	1	1
51	1	3	0
51	1	5	0
51	1	5	-1
51	1	4	1
51	1	2	1
51	1	2	0
51	0	1	1
51	0	3	-1
51	1	5	-1
51	0	5	1
51	1	3	1
51	0	5	0
51	1	4	1
51	0	1	0
51	0	2	1
51	0	2	-1
51	1	1	-1
51	1	4	0
51	1	4	-1
51	1	3	0
52	0	2	1
52	1	5	-1
52	1	1	1
52	1	5	0
52	0	1	0
52	1	1	-1
52	1	2	-1
52	1	3	0
52	1	4	-1
52	1	5	1
52	0	2	0
52	1	3	1
52	1	3	-1
52	1	4	0
52	1	4	1
52	1	2	0
52	0	1	0
52	1	3	-1
52	0	3	1
52	0	1	-1
52	1	5	1
52	0	4	1
52	1	3	0
52	1	1	1
52	0	5	0
52	1	2	1
52	0	5	-1
52	1	4	-1
52	0	4	0
52	0	2	-1
52	1	5	0
52	1	5	-1
52	0	2	0
52	1	3	0
52	1	2	1
52	1	3	-1
52	1	4	-1
52	0	4	1
52	1	2	-1
52	0	1	1
52	0	1	-1
52	1	3	1
52	1	4	0
52	1	5	1
52	1	1	0
52	1	1	-1
52	0	3	-1
52	0	1	0
52	0	2	-1
52	1	4	0
52	1	3	1
52	0	5	1
52	1	4	-1
52	1	2	0
52	1	1	1
52	0	3	0
52	0	5	0
52	1	5	-1
52	0	4	1
52	0	2	1
52	0	2	0
52	0	1	1
52	1	3	-1
52	1	5	-1
52	0	5	1
52	0	3	1
52	1	5	0
52	1	4	1
52	0	1	0
52	1	2	1
52	1	2	-1
52	0	1	-1
52	0	4	0
52	0	4	-1
52	1	3	0
53	0	2	1
53	1	5	-1
53	0	1	1
53	0	5	0
53	1	1	0
53	0	1	-1
53	0	2	-1
53	1	3	0
53	1	4	-1
53	1	5	1
53	0	2	0
53	0	3	1
53	0	3	-1
53	1	4	0
53	1	4	1
53	1	2	0
53	1	1	0
53	0	3	-1
53	1	3	1
53	0	1	-1
53	1	5	1
53	1	4	1
53	0	3	0
53	0	1	1
53	0	5	0
53	0	2	1
53	1	5	-1
53	0	4	-1
53	0	4	0
53	0	2	-1
53	1	5	0
53	1	5	-1
53	0	2	0
53	1	3	0
53	0	2	1
53	1	3	-1
53	0	4	-1
53	0	4	1
53	0	2	-1
53	1	1	1
53	0	1	-1
53	0	3	1
53	0	4	0
53	1	5	1
53	0	1	0
53	0	1	-1
53	0	3	-1
53	0	1	0
53	0	2	-1
53	1	4	0
53	0	3	1
53	0	5	1
53	1	4	-1
53	0	2	0
53	0	1	1
53	1	3	0
53	0	5	0
53	1	5	-1
53	0	4	1
53	0	2	1
53	0	2	0
53	0	1	1
53	0	3	-1
53	1	5	-1
53	0	5	1
53	0	3	1
53	1	5	0
53	0	4	1
53	0	1	0
53	0	2	1
53	0	2	-1
53	0	1	-1
53	0	4	0
53	0	4	-1
53	0	3	0
54	1	2	1
54	0	5	-1
54	0	1	1
54	1	5	0
54	0	1	0
54	1	1	-1
54	1	2	-1
54	0	3	0
54	0	4	-1
54	0	5	1
54	0	2	0
54	1	3	1
54	1	3	-1
54	0	4	0
54	0	4	1
54	1	2	0
54	0	1	0
54	1	3	-1
54	0	3	1
54	1	1	-1
54	1	5	1
54	0	4	1
54	1	3	0
54	1	1	1
54	1	5	0
54	0	2	1
54	1	5	-1
54	1	4	-1
54	0	4	0
54	0	2	-1
54	0	5	0
54	1	5	-1
54	0	2	0
54	1	3	0
54	1	2	1
54	0	3	-1
54	0	4	-1
54	0	4	1
54	1	2	-1
54	0	1	1
54	1	1	-1
54	0	3	1
54	0	4	0
54	0	5	1
54	0	1	0
54	0	1	-1
54	0	3	-1
54	1	1	0
54	0	2	-1
54	0	4	0
54	0	3	1
54	0	5	1
54	0	4	-1
54	0	2	0
54	0	1	1
54	0	3	0
54	0	5	0
54	0	5	-1
54	0	4	1
54	0	2	1
54	0	2	0
54	0	1	1
54	0	3	-1
54	0	5	-1
54	0	5	1
54	0	3	1
54	1	5	0
54	0	4	1
54	0	1	0
54	0	2	1
54	0	2	-1
54	0	1	-1
54	0	4	0
54	0	4	-1
54	0	3	0
55	1	2	1
55	1	5	-1
55	0	1	1
55	1	5	0
55	1	1	0
55	1	1	-1
55	1	2	-1
55	1	3	0
55	1	4	-1
55	1	5	1
55	1	2	0
55	0	3	1
55	1	3	-1
55	1	4	0
55	1	4	1
55	0	2	0
55	0	1	0
55	1	3	-1
55	0	3	1
55	1	1	-1
55	1	5	1
55	0	4	1
55	1	3	0
55	0	1	1
55	1	5	0
55	1	2	1
55	1	5	-1
55	1	4	-1
55	1	4	0
55	0	2	-1
55	1	5	0
55	1	5	-1
55	1	2	0
55	0	3	0
55	1	2	1
55	1	3	-1
55	0	4	-1
55	1	4	1
55	1	2	-1
55	0	1	1
55	0	1	-1
55	1	3	1
55	0	4	0
55	1	5	1
55	1	1	0
55	0	1	-1
55	1	3	-1
55	0	1	0
55	1	2	-1
55	1	4	0
55	0	3	1
55	1	5	1
55	1	4	-1
55	0	2	0
55	1	1	1
55	0	3	0
55	1	5	0
55	1	5	-1
55	1	4	1
55	0	2	1
55	1	2	0
55	1	1	1
55	1	3	-1
55	1	5	-1
55	0	5	1
55	1	3	1
55	1	5	0
55	0	4	1
55	1	1	0
55	0	2	1
55	0	2	-1
55	1	1	-1
55	0	4	0
55	1	4	-1
55	0	3	0
56	1	2	1
56	1	5	-1
56	0	1	1
56	1	5	0
56	0	1	0
56	0	1	-1
56	0	2	-1
56	0	3	0
56	1	4	-1
56	0	5	1
56	0	2	0
56	0	3	1
56	1	3	-1
56	0	4	0
56	1	4	1
56	0	2	0
56	1	1	0
56	0	3	-1
56	0	3	1
56	0	1	-1
56	0	5	1
56	0	4	1
56	1	3	0
56	1	1	1
56	1	5	0
56	0	2	1
56	0	5	-1
56	1	4	-1
56	0	4	0
56	0	2	-1
56	1	5	0
56	1	5	-1
56	0	2	0
56	1	3	0
56	0	2	1
56	1	3	-1
56	1	4	-1
56	0	4	1
56	0	2	-1
56	0	1	1
56	0	1	-1
56	0	3	1
56	0	4	0
56	1	5	1
56	1	1	0
56	0	1	-1
56	0	3	-1
56	0	1	0
56	0	2	-1
56	0	4	0
56	0	3	1
56	0	5	1
56	1	4	-1
56	1	2	0
56	0	1	1
56	0	3	0
56	0	5	0
56	1	5	-1
56	0	4	1
56	0	2	1
56	0	2	0
56	0	1	1
56	0	3	-1
56	1	5	-1
56	0	5	1
56	0	3	1
56	0	5	0
56	0	4	1
56	1	1	0
56	1	2	1
56	0	2	-1
56	0	1	-1
56	0	4	0
56	0	4	-1
56	0	3	0
57	0	2	1
57	1	5	-1
57	0	1	1
57	0	5	0
57	0	1	0
57	0	1	-1
57	1	2	-1
57	1	3	0
57	1	4	-1
57	1	5	1
57	0	2	0
57	0	3	1
57	0	3	-1
57	0	4	0
57	1	4	1
57	1	2	0
57	0	1	0
57	0	3	-1
57	0	3	1
57	0	1	-1
57	1	5	1
57	0	4	1
57	0	3	0
57	0	1	1
57	0	5	0
57	0	2	1
57	1	5	-1
57	1	4	-1
57	1	4	0
57	0	2	-1
57	1	5	0
57	1	5	-1
57	0	2	0
57	0	3	0
57	0	2	1
57	0	3	-1
57	1	4	-1
57	0	4	1
57	1	2	-1
57	0	1	1
57	0	1	-1
57	0	4	0
57	1	5	1
57	0	1	0
57	0	1	-1
57	0	3	-1
57	0	1	0
57	0	2	-1
57	0	4	0
57	0	3	1
57	0	5	1
57	1	4	-1
57	0	2	0
57	0	1	1
57	0	3	0
57	0	5	0
57	1	5	-1
57	1	4	1
57	0	2	1
57	0	2	0
57	0	1	1
57	0	3	-1
57	0	5	-1
57	0	5	1
57	0	3	1
57	0	5	0
57	0	4	1
57	0	1	0
57	0	2	1
57	0	2	-1
57	0	1	-1
57	0	4	0
57	0	4	-1
57	0	3	0
58	1	2	1
58	1	5	-1
58	0	1	1
58	1	5	0
58	0	1	0
58	0	1	-1
58	0	2	-1
58	1	3	0
58	1	4	-1
58	1	5	1
58	0	2	0
58	0	3	1
58	1	3	-1
58	1	4	0
58	1	4	1
58	0	2	0
58	0	1	0
58	0	3	-1
58	0	3	1
58	0	1	-1
58	1	5	1
58	0	4	1
58	1	3	0
58	0	1	1
58	0	5	0
58	0	2	1
58	1	5	-1
58	1	4	-1
58	0	4	0
58	1	2	-1
58	1	5	0
58	0	5	-1
58	0	2	0
58	1	3	0
58	0	2	1
58	0	3	-1
58	0	4	-1
58	0	4	1
58	0	2	-1
58	0	1	1
58	0	1	-1
58	1	3	1
58	0	4	0
58	1	5	1
58	0	1	0
58	0	1	-1
58	1	3	-1
58	0	1	0
58	1	2	-1
58	1	4	0
58	0	3	1
58	1	5	1
58	0	4	-1
58	0	2	0
58	0	1	1
58	1	3	0
58	0	5	0
58	1	5	-1
58	0	4	1
58	0	2	1
58	0	2	0
58	0	1	1
58	0	3	-1
58	1	5	-1
58	1	5	1
58	0	3	1
58	1	5	0
58	0	4	1
58	0	1	0
58	0	2	1
58	0	2	-1
58	0	1	-1
58	1	4	0
58	0	4	-1
58	0	3	0
